Dynamics Check for SC[0]

Nb:  2   Ng:  1
Mass:  1020.000000
cm:  2.041176 -0.179804 -0.014706
I  :  2759.831373  377.588235  30.882353 
     377.588235  2117.500000  -134.852941 
      30.882353 -134.852941  3835.272549
PosR:  0.000000 0.000000 0.000000
VelR:  0.000000 0.000000 0.000000

Dyn Structure
-------------
Nu:  7   Nx:  8  Nf:  0
u[00]: 0.000000
u[01]: -0.001131
u[02]: 0.000000
u[03]: 0.000000
u[04]: -0.000017
u[05]: -0.000043
u[06]: 0.000019

x[00]: 0.835999
x[01]: -0.000000
x[02]: 0.000000
x[03]: -0.548731
x[04]: 0.000000
x[05]: -0.041176
x[06]: -0.058032
x[07]: -0.170816



Body Structure [00]
-------------------
Mass:  1000.000000
cm:  2.000000 0.000000 0.000000
c:   0.000000 0.000000 0.000000
I:  1000.000000 -0.000000 -0.000000
     -0.000000 2000.000000 -0.000000
   -0.000000 -0.000000 2000.000000
wn:  0.000000 -0.001131 0.000000
qn:  0.835999 -0.000000 0.000000 -0.548731
vn:  -0.000017 -0.000043 0.000019
pn:  -0.041176 -0.058032 -0.170816

CN:
1.000000 -0.000000 0.000000
-0.000000 -0.397789 -0.917477
0.000000 0.917477 -0.397789
Nf: 0   f0: 0
Mf:

Kf:

Cf:

Pf:




Hf:




Body Structure [01]
-------------------
Mass:  20.000000
cm:  0.000000 -8.000000 0.000000
c:   0.000000 0.000000 0.000000
I:  100.000000 -0.000000 -0.000000
     -0.000000 20.000000 -0.000000
   -0.000000 -0.000000 100.000000
wn:  0.000000 -0.001131 0.000000
qn:  0.835999 -0.000000 0.000000 -0.548731
vn:  0.000832 0.002137 -0.000927
pn:  2.058824 2.901581 8.540791

CN:
1.000000 -0.000000 0.000000
-0.000000 -0.397789 -0.917477
0.000000 0.917477 -0.397789
Nf: 0   f0: 0
Mf:

Kf:

Cf:

Pf:




Hf:





Joint Structure [00]
---------------
Rotu0: 3   Rotx0: 4
Trnu0: 4   Trnx0: 5
ang:  0.000000 0.000000 0.000000
rate:  0.000000 0.000000 0.000000
COI:
1.000000 0.000000 0.000000
0.000000 1.000000 0.000000
0.000000 0.000000 1.000000
SpringCoef: 0.000000 0.000000 0.000000
DampCoef: 0.000000 0.000000 0.000000
PSIi:



THETAi:



PSIo:



THETAo:





