Dynamics Check for SC[0]

Nb:  1   Ng:  0
Mass:  8.385888
cm:  0.008599 0.039586 0.166050
I  :  0.119835  0.001331  0.004812 
     0.001331  0.147780  0.002725 
      0.004812 0.002725  0.044908
Rrel:  -10.000000 0.000000 -0.000000
Vrel:  0.000000 0.009255 0.005343

Dyn Structure
-------------
Nu:  6   Nx:  7  Nf:  0
u[00]: 0.000000
u[01]: -0.001131
u[02]: 0.000000
u[03]: 0.000000
u[04]: 0.000000
u[05]: 0.000000

x[00]: 0.000000
x[01]: 0.866025
x[02]: -0.500000
x[03]: -0.000000
x[04]: 0.000000
x[05]: 0.000000
x[06]: 0.000000



Body Structure [00]
-------------------
Mass:  8.385888
cm:  0.008599 0.039586 0.166050
c:   0.000000 0.000000 0.000000
I:  0.119835 0.001331 0.004812
     0.001331 0.147780 0.002725
   0.004812 0.002725 0.044908
wn:  0.000000 -0.001131 0.000000
qn:  0.000000 0.866025 -0.500000 -0.000000
vn:  0.000000 0.000000 0.000000
pn:  0.000000 0.000000 0.000000

CN:
-1.000000 0.000000 0.000000
-0.000000 0.500000 -0.866025
-0.000000 -0.866025 -0.500000
Nf: 0   f0: 0
Mf:

Kf:

Cf:

Pf:




Hf:





